# Fiat Lux! 2015-16
#
# F03: photons encrypteurs (texte)
#

0
FIN_LISTE

3
0.08 -0.1 0.08 0.1
0 -0.1 0 0.1
-0.11 -0.1 -0.11 0.1
FIN_LISTE

1
6 0.01 -0.2 0.2 -0.2 0.2 0.2 -0.2 0.2 -0.2 -0.2 -0.011 -0.2 
FIN_LISTE

35
0.146515 0.00870992 -2.9 
0.153067 0.0201986 -2.8 
0.158489 -0.0312856 2.7 
0.152827 0.0718602 -2.6 
0.146137 -0.0718167 2.5 
0.138487 0.0710556 -2.4 
0.129953 -0.109485 2.3 
0.0146901 0.0775311 -0.5 
0.0194727 -0.0267302 0.4 
0.0554068 0.0939992 -0.9 
0.0563952 0.106083 -0.8 
0.0482189 -0.0673061 0.7 
0.0409597 0.0677571 -0.6 
0.0346901 -0.0675311 0.5 
0.0294727 0.0267302 -0.4 
-0.0800469 0.109485 -2.3 
-0.0453099 -0.0475311 0.5 
-0.0715128 0.0810556 -2.4 
-0.0136048 -0.0660827 0.8 
-0.0415113 0.0512856 -2.7 
-0.0371733 0.0818602 -2.6 
-0.0253099 -0.0475311 0.5 
-0.0515128 0.0810556 -2.4 
-0.0600469 -0.0994846 2.3 
-0.0253099 0.0375311 -0.5 
-0.190527 -0.0267302 0.4 
-0.154593 0.0739992 -0.9 
-0.153605 0.106083 -0.8 
-0.161781 -0.0773061 0.7 
-0.16904 0.0477571 -0.6 
-0.16531 -0.0375311 0.5 
-0.170527 0.0567302 -0.4 
-0.17464 -0.0354624 0.3 
-0.16531 0.0475311 -0.5 
-0.170527 -0.0667302 0.4 
FIN_LISTE
