#Fiat Lux Alix Nepveux & Sven Borden
#
#fichier:	save.txt
#
#projecteur
1
-0.330000 -0.215000 0.642004
FIN_LISTE

#reflecteur
1
-0.262500 0.042500 -0.275000 -0.272500
FIN_LISTE

#absorbeur
1
2 -0.334425 -0.135913-0.298800 -0.184363
FIN_LISTE

#photon
11
-0.337934 -0.170988 0.642004
-0.331946 -0.178997 0.642004
-0.325958 -0.187006 0.642004
-0.319970 -0.195015 0.642004
-0.313982 -0.203024 0.642004
-0.321916 -0.159012 0.642004
-0.315928 -0.167021 0.642004
-0.309940 -0.175030 0.642004
-0.303952 -0.183039 0.642004
-0.297964 -0.191048 0.642004
-0.281946 -0.179072 0.642004
FIN_LISTE

