# Fiat Lux! 2015-16
#
# V04: "Erreur : le absorbeur (id: 1) coupe le projecteur (id: 2)."
#

#projecteur
12
0.119898 0.0140306 4.6985
0.121173 0.0229592 0
0.0306122 -0.0459184 1.5708
0.146684 -0.0497449 1.55917
-0.00892854 0.0880102 -1.55781
0.0612245 0.0867347 4.68573
0.11352 0.0854592 -1.55385
0.151786 0.00382656 0.0344691
0.0969388 0.00127554 -0.0151507
0.0522959 0.00255102 0.0126578
-0.02 0.02 -1.5707
0 0 0
FIN_LISTE

#reflecteur
5
0.0727041 0.0625 0.0714285 0.00127554
0.0446429 -0.0267857 0.140306 -0.0267857
0.0280612 0.0382653 0.0242347 -0.0178571
-0.0510204 0.059949 0.0178571 0.057398
0.0433674 0.0612245 0.0433674 0.145408
FIN_LISTE

#absorbeur
3
4 0.0229 0.109 -0.080 0.109 -0.07 -0.0778 0.0076 -0.0829
3 -0.0459 -0.016 0.005 -0.015 0.005 -0.3 
4 0.0548469 0.110969 0.183674 0.110969 0.179847 -0.0790816 0.130102 -0.0790816 
FIN_LISTE

#photon
0

FIN_LISTE
