# Fiat Lux! 2015-16
#
# F04 : trouver l'objet mystère
#

0
FIN_LISTE

6
0.1 -0.2 0.1 0.1
-0.1 0 -0.1 0.3
-0.35 -0.43 -0.35 0.43
-0.45 0.5 0.45 0.5
0.35 -0.43 0.35 0.43
-0.45 -0.5 0.45 -0.5
FIN_LISTE

1
5 -0.5 -0.53 0.5 -0.53 0.5 0.52 -0.5 0.52 -0.5 -0.45 
FIN_LISTE

384
0.25544 -0.283625 -0.70092 
0.246059 -0.309072 -0.60092 
0.239315 -0.336326 -0.50092 
0.235375 -0.365115 -0.40092 
0.115621 -0.395152 -2.84067 
0.113563 -0.426137 -2.94067 
0.108372 -0.45776 -3.04067 
0.0999999 -0.489706 -3.14067 
0.0884306 -0.478346 -3.04251 
0.45368 -0.466714 -2.94251 
0.145795 -0.435715 -2.84251 
0.124854 -0.405657 -2.74251 
0.0609674 -0.376842 -2.64251 
0.245726 -0.359557 -0.59908 
0.295061 -0.334076 -0.69908 
0.326843 -0.310651 -0.79908 
0.339146 -0.289518 -2.24251 
0.303144 -0.270888 -2.14251 
-0.0145869 -0.254947 -2.04251 
0.276229 -0.251854 -1.94251 
0.235883 -0.24174 -1.84251 
0.18468 -0.234706 -1.74251 
-0.12707 -0.230823 -1.64251 
-0.16905 -0.230128 -1.54251 
-0.240938 -0.232629 -1.44251 
0.107582 -0.248302 -1.34251 
0.066826 -0.257089 -1.24251 
-0.00289923 -0.268902 -1.14251 
-0.0412966 -0.283624 -1.04251 
-0.338082 -0.301108 -0.942513 
-0.327011 -0.321178 -2.29908 
-0.445767 -0.343635 -0.742513 
-0.0861897 -0.378253 -0.642513 
-0.154053 -0.404787 -0.542513 
-0.179177 -0.432972 -0.442513 
-0.461412 -0.462526 -0.342513 
-0.200636 -0.496846 0.242513 
-0.456756 -0.46545 0.142513 
-0.210289 -0.4336 3.09908 
-0.219471 -0.391612 -0.0574927 
-0.25396 -0.35981 -2.9841 
-0.25055 -0.32851 -2.8841 
-0.149769 -0.288024 -0.357493 
-0.187092 -0.258656 -0.457493 
-0.181547 -0.230701 -0.557493 
-0.326711 -0.204437 -2.4841 
-0.3375 -0.180127 -2.3841 
-0.310613 -0.158015 -2.2841 
-0.0441831 -0.12832 -0.957493 
-0.0271385 -0.111239 -1.05749 
-0.00852384 -0.0969443 -1.15749 
0.011375 -0.0855774 -1.25749 
0.0222592 -0.0772522 -1.35749 
0.0438204 -0.0720518 -1.45749 
0.065743 -0.0700283 -1.55749 
-0.0722919 -0.0712018 -1.65749 
-0.0506036 -0.0755607 -1.75749 
-0.0295088 -0.0830613 -1.85749 
-0.0393182 -0.0936288 -1.95749 
0.269667 -0.0971575 -2.05749 
0.287156 -0.113512 -2.15749 
0.282875 -0.13253 -2.25749 
0.296568 -0.15402 -2.35749 
0.307996 -0.177768 -2.45749 
0.316947 -0.203536 -2.55749 
0.20323 -0.231068 -2.65749 
0.206684 -0.260088 -2.75749 
0.207173 -0.290306 -2.85749 
0.144592 -0.32142 -2.95749 
0.251131 -0.34312 -0.0841 
0.28004 -0.375088 0.0159 
0.292147 -0.407005 0.1159 
0.307429 -0.438553 0.2159 
0.374165 -0.469415 2.82569 
0.342721 -0.500716 -2.72569 
0.318352 -0.472138 -2.62569 
0.291201 -0.445138 -2.52569 
0.261441 -0.419985 -2.42569 
0.229268 -0.39693 -2.32569 
0.144905 -0.376204 -2.22569 
0.108594 -0.358014 -2.12569 
0.0705981 -0.342542 -2.02569 
0.0311978 -0.329942 -1.92569 
-0.0393136 -0.320339 -1.82569 
-0.110631 -0.313831 -1.72569 
-0.152442 -0.310482 -1.62569 
0.115572 -0.320325 -1.52569 
0.0737296 -0.323363 -1.42569 
0.0323498 -0.329564 -1.32569 
-0.00825416 -0.338867 -1.22569 
-0.0477765 -0.351179 -1.12569 
-0.0859222 -0.366376 -1.02569 
-0.15241 -0.384308 -0.925693 
-0.186975 -0.404794 -0.825693 
-0.219373 -0.427631 -0.725693 
-0.249378 -0.452589 -0.625693 
-0.276793 -0.47942 -0.525693 
-0.301441 -0.492145 0.425693 
-0.323177 -0.462389 0.325693 
-0.341885 -0.43161 0.225693 
-0.342524 -0.400116 3.0159 
-0.330106 -0.368221 3.1159 
-0.320883 -0.336242 -3.06728 
-0.314849 -0.304502 -2.96728 
-0.281964 -0.273317 -2.86728 
-0.282157 -0.242997 -2.76728 
-0.285326 -0.213847 -2.66728 
-0.291339 -0.186157 -2.56728 
-0.300036 -0.160205 -2.46728 
-0.311231 -0.136248 -2.36728 
-0.0852878 -0.104527 -0.874313 
-0.0697558 -0.0852589 -0.974313 
-0.0924277 -0.0686359 -1.07431 
-0.0735767 -0.0548241 -1.17431 
-0.183491 -0.0439617 -1.27431 
-0.162471 -0.0361571 -1.37431 
-0.140827 -0.0314883 -1.47431 
-0.138875 -0.030002 -1.57431 
-0.116934 -0.031713 -1.67431 
-0.0953234 -0.0366042 -1.77431 
0.165641 -0.0346267 -1.87431 
0.185649 -0.0457005 -1.97431 
0.204403 -0.0597148 -2.07431 
0.201613 -0.0765296 -2.17431 
0.217009 -0.0959769 -2.27431 
0.200336 -0.117862 -2.37431 
0.211363 -0.141967 -2.47431 
0.209877 -0.168051 -2.57431 
0.195695 -0.195853 -2.67431 
0.198658 -0.225095 -2.77431 
0.168638 -0.255485 -2.87431 
0.165533 -0.28672 -2.97431 
0.280724 -0.308487 -0.06728 
0.290171 -0.340469 0.03272 
0.197186 -0.372346 3.00887 
0.181374 -0.4038 2.90887 
0.16245 -0.434517 2.80887 
0.390505 -0.454189 2.70887 
0.145657 -0.482521 2.60887 
0.118055 -0.490771 -2.50887 
0.337874 -0.475954 -2.40887 
0.255317 -0.453275 -2.30887 
0.220608 -0.432962 -2.20887 
0.183995 -0.415217 -2.10887 
0.145743 -0.400218 -2.00887 
0.0961353 -0.388114 -1.90887 
0.0254668 -0.379026 -1.80887 
-0.0559558 -0.373046 -1.70887 
-0.0978185 -0.370232 -1.60887 
-0.149803 -0.370613 -1.50887 
-0.191589 -0.374186 -1.40887 
0.0171395 -0.390914 -1.30887 
-0.0233037 -0.40073 -1.20887 
-0.0626147 -0.413537 -1.10887 
-0.100501 -0.429206 -1.00887 
-0.136683 -0.44758 -0.908873 
-0.170901 -0.468477 -0.808873 
-0.202911 -0.491687 -0.708873 
-0.232494 -0.483022 0.608873 
-0.259454 -0.455902 0.508873 
-0.283622 -0.427224 0.408873 
-0.304857 -0.397275 0.308873 
-0.316955 -0.366354 2.93272 
-0.301895 -0.33477 3.03272 
-0.290013 -0.302839 3.13272 
-0.281328 -0.270878 -3.05046 
-0.275827 -0.239209 -2.95046 
-0.273466 -0.208148 -2.85046 
-0.274167 -0.178005 -2.75046 
-0.277824 -0.14908 -2.65046 
-0.185699 -0.111663 -0.591133 
-0.176568 -0.0860287 -0.691133 
-0.164973 -0.062432 -0.791133 
-0.31113 -0.0411091 -0.891133 
-0.0952776 -0.012273 -0.991133 
-0.0776739 0.00388806 -1.09113 
-0.0785946 0.0172126 -1.19113 
-0.16833 0.0275675 -1.29113 
-0.177184 0.0348492 -1.39113 
0.0545346 0.0489851 -1.49113 
0.0765072 0.0499338 -1.59113 
0.0784148 0.0476859 -1.69113 
-0.0500615 0.0422637 -1.79113 
0.0492365 0.0437215 -1.25046 
0.0405816 0.0321446 -1.99113 
-0.00909503 0.0276486 -1.05046 
0.0960188 0.0103786 -2.19113 
-0.071084 0.000506854 -0.85046 
0.0359599 -0.0217679 -0.75046 
0.0253423 -0.0462232 -0.65046 
0.0272691 -0.0726146 -0.55046 
0.348079 -0.0906785 -2.69113 
-0.150549 -0.0901344 -0.35046 
-0.160016 -0.110688 -0.25046 
-0.146385 -0.142034 -0.15046 
-0.139593 -0.17386 -0.05046 
-0.0296074 -0.205846 0.04954 
-0.146429 -0.227675 0.14954 
0.230088 -0.259027 2.89205 
0.24065 -0.279589 2.79205 
0.218207 -0.309056 2.69205 
-0.112885 -0.327134 0.54954 
0.284836 -0.353542 2.49205 
0.254241 -0.378017 2.39205 
0.221305 -0.400313 2.29205 
0.186258 -0.420207 2.19205 
0.14935 -0.437502 2.09205 
0.11085 -0.452024 1.99205 
0.0710428 -0.463629 1.89205 
0.0302258 -0.472199 1.79205 
-0.011293 -0.47765 1.69205 
-0.0531985 -0.479928 1.59205 
-0.0951719 -0.479008 1.49205 
-0.136894 -0.474902 1.39205 
-0.0480474 -0.457649 1.29205 
-0.0883211 -0.447322 1.19205 
-0.127413 -0.434024 1.09205 
-0.165031 -0.417888 0.992053 
-0.200901 -0.399076 0.892053 
-0.234763 -0.377775 0.792053 
-0.26638 -0.354198 0.692053 
-0.315535 -0.328581 0.592053 
-0.337963 -0.30118 2.64954 
-0.255721 -0.262268 0.392053 
-0.27645 -0.232134 0.292053 
-0.294117 -0.20108 0.192053 
-0.308645 -0.169415 0.0920527 
-0.30001 -0.137455 -3.13364 
-0.301863 -0.0955222 -3.03364 
-0.263106 -0.0539337 -0.207953 
-0.264946 -0.0230054 -0.307953 
-0.313739 0.00695387 -0.407953 
-0.339597 0.0356446 -0.507953 
-0.332662 0.0627802 -0.607953 
-0.323102 0.0880895 -0.707953 
-0.311114 0.11132 -0.807953 
-0.0430845 0.142239 -2.23364 
-0.0592501 0.160637 -2.13364 
-0.0571218 0.176332 -2.03364 
-0.0764211 0.189165 -1.93364 
-0.0968552 0.19901 -1.83364 
-0.08188 0.205766 -1.40795 
-0.0600967 0.209368 -1.50795 
-0.0381127 0.209779 -1.60795 
-0.0162475 0.206995 -1.70795 
0.00518064 0.201043 -1.80795 
0.0258576 0.191984 -1.90795 
0.0454768 0.179907 -2.00795 
0.00625764 0.174934 -1.03364 
0.0196281 0.157213 -0.93364 
0.00490073 0.136923 -0.83364 
-0.00767746 0.114265 -0.73364 
-0.0478809 0.0994663 -0.63364 
-0.0555076 0.0727746 -0.53364 
-0.0903815 0.0544565 -0.43364 
-0.0923541 0.024795 -0.33364 
-0.0713056 -0.00591355 -0.23364 
-0.107147 -0.0273624 -0.13364 
-0.099819 -0.0592372 -0.03364 
-0.0792957 -0.0912196 0.06636 
-0.105582 -0.11299 0.16636 
-0.0887153 -0.144231 0.26636 
-0.068764 -0.17463 0.36636 
-0.0858275 -0.193884 0.46636 
-0.0600351 -0.2217 0.56636 
-0.0315446 -0.247801 0.66636 
-0.000540749 -0.271926 0.76636 
0.167233 -0.293833 2.27523 
0.111855 -0.313303 2.17523 
0.0253395 -0.320143 1.06636 
0.11592 -0.334184 1.97523 
0.0759218 -0.345285 1.87523 
0.0349649 -0.353336 1.77523 
-0.00664109 -0.358256 1.67523 
-0.0685804 -0.359997 1.57523 
-0.0605339 -0.34854 1.47523 
-0.0821822 -0.3339 1.37523 
-0.123209 -0.326124 1.27523 
-0.133305 -0.305289 1.17523 
-0.172169 -0.291504 1.07523 
-0.209512 -0.274906 0.975233 
-0.215062 -0.245662 0.875233 
-0.248563 -0.223962 0.775233 
-0.27978 -0.200025 0.675233 
-0.278501 -0.16409 0.575233 
-0.30454 -0.136415 0.475233 
-0.327735 -0.107276 0.375233 
-0.347956 -0.0769667 0.275233 
0.0749005 -0.0357879 0.175233 
0.0609052 -0.00405175 0.0752327 
0.0500982 0.0279264 -0.0247727 
0.0924877 0.0698237 -0.124773 
0.0780497 0.101323 -0.224773 
0.123271 0.13211 -2.81682 
0.121562 0.161876 -2.71682 
0.0869401 0.200325 -2.61682 
0.0795508 0.227172 -2.51682 
0.0695681 0.252149 -2.41682 
0.0571917 0.275006 -2.31682 
0.0126452 0.305515 -2.21682 
-0.00382618 0.323471 -2.11682 
-0.0719579 0.348694 -2.01682 
-0.0614688 0.361033 -1.91682 
-0.107936 0.400364 -1.32477 
-0.0465617 0.416594 -1.42477 
-0.0447224 0.439661 -1.52477 
0.017264 0.459534 -1.62477 
0.039078 0.456214 -1.72477 
0.0404015 0.449735 -1.82477 
0.0609217 0.440161 -1.92477 
0.140334 0.437587 -2.02477 
0.158343 0.422141 -2.12477 
0.174671 0.403975 -2.22477 
0.189054 0.383271 -2.32477 
0.201248 0.360237 -2.42477 
0.211031 0.335102 -2.52477 
0.248206 0.318118 -2.62477 
0.282602 0.299554 -2.72477 
0.274074 0.279695 -2.82477 
0.272508 0.24884 -2.92477 
0.317819 0.227297 -3.02477 
0.289955 0.195382 -3.12477 
0.278894 0.163413 3.05841 
0.304646 0.14171 2.95841 
0.277255 0.130589 2.85841 
0.276794 0.110361 2.75841 
0.253367 0.0813288 2.65841 
0.227109 0.053782 2.55841 
0.238182 0.037996 2.45841 
0.206776 0.0142283 2.35841 
0.026897 -0.00728356 0.88318 
0.0625988 -0.0263246 0.98318 
0.0600732 -0.0327047 1.08318 
0.0990456 -0.0462601 1.18318 
0.0607735 -0.0568553 1.85841 
0.0196856 -0.0643845 1.75841 
0.0180014 -0.0587725 1.65841 
-0.0239627 -0.0599755 1.55841 
-0.0758871 -0.0579813 1.45841 
-0.077453 -0.04281 1.35841 
-0.0816551 -0.0345132 1.88318 
-0.0417458 -0.0231738 1.98318 
-0.00311802 -0.00890508 2.08318 
-0.00605773 0.0181503 2.18318 
0.0491647 0.0378221 2.28318 
0.0422972 0.0699136 2.38318 
0.0931086 0.0942041 2.48318 
0.111391 0.130451 2.58318 
0.126962 0.168392 2.68318 
0.139666 0.207748 2.78318 
-0.350625 0.248225 2.88318 
-0.325993 0.28952 0.158413 
-0.340546 0.321319 3.08318 
-0.340277 0.363306 -3.1 
-0.343202 0.405158 -3 
-0.350707 0.44656 -0.241593 
-0.311511 0.487196 -0.341593 
-0.309303 0.483238 0.441593 
-0.304204 0.45504 0.541593 
-0.296366 0.428489 0.641593 
-0.245966 0.393852 0.741593 
-0.233208 0.371374 0.841593 
-0.21832 0.351281 0.941593 
-0.201551 0.333773 1.04159 
-0.143167 0.309025 1.14159 
-0.143453 0.297184 1.24159 
-0.0827047 0.278369 1.34159 
-0.0812302 0.272667 1.44159 
-0.0593438 0.270136 1.54159 
0.0126359 0.260802 1.64159 
0.0343895 0.264656 1.74159 
0.0555996 0.271661 1.84159 
0.0759545 0.281747 1.94159 
0.0951508 0.294814 2.04159 
0.162897 0.300729 2.14159 
0.178915 0.319335 2.24159 
0.192946 0.340446 2.34159 
0.204749 0.36385 2.44159 
0.214107 0.389314 2.54159 
0.270826 0.406584 2.64159 
0.27474 0.435386 2.74159 
0.255708 0.465434 2.84159 
0.283621 0.466426 2.94159 
0.278401 0.498053 3.04159 
FIN_LISTE
