# Fiat Lux! 2015-16
#
# G02: init dessin
#

19
0.15 -0.1 1.5707
0.06 -0.1 1.5707
-0.04 -0.1 1.5707
-0.12 -0.1 1.5707
-0.36125 -0.245625 0
-0.36375 -0.163125 0.0454233
-0.365 -0.085625 0.0199973
-0.36875 -0.010625 0.0156233
-0.37125 0.064375 0.10866
-0.37 0.143125 0.0285636
-0.3675 0.211875 -0.0273904
0.41875 -0.236875 3.20906
0.40125 -0.159375 3.18211
0.3975 -0.095625 3.11493
0.39 -0.026875 3.2296
0.3875 0.043125 3.18634
0.39 0.111875 3.14159
0.3875 0.183125 3.25538
0.385 0.254375 3.23091
FIN_LISTE

20
-0.11 -0.1 -0.11 0.1
0 -0.1 0 0.1
0.08 -0.1 0.08 0.1
-0.18375 0.119375 -0.1275 0.121875
-0.07625 0.113125 -0.01375 0.118125
0.025 0.113125 0.0675 0.114375
0.1 0.109375 0.1625 0.111875
0.09875 -0.138125 0.16 -0.134375
0.0175 -0.135625 0.0625 -0.133125
-0.0825 -0.131875 -0.0375 -0.135625
-0.17625 -0.138125 -0.1225 -0.138125
-0.1425 0.145625 -0.075 0.140625
-0.00749999 0.146875 0.0325 0.148125
0.085 0.141875 0.12625 0.143125
0.02375 0.170625 0.0925 0.168125
-0.0925 0.154375 -0.01875 0.160625
-0.0375 0.181875 0.04375 0.181875
-0.13125 -0.160625 -0.08625 -0.159375
-0.07625 -0.175625 0.025 -0.179375
0.03875 -0.160625 0.11125 -0.156875
FIN_LISTE

4
6 0.00999999 -0.315625 0.3625 -0.303125 0.35125 0.299375 -0.30625 0.313125 -0.32 -0.310625 -0.0275 -0.319375 
6 0.01 -0.2 0.2 -0.2 0.2 0.2 -0.2 0.2 -0.2 -0.2 -0.011 -0.2 
6 0.00999999 -0.225625 0.2425 -0.221875 0.24125 0.218125 -0.225 0.229375 -0.23125 -0.231875 -0.02 -0.233125 
6 0.00625002 -0.264375 0.28375 -0.249375 0.27625 0.244375 -0.2525 0.263125 -0.2625 -0.266875 -0.02 -0.268125 
FIN_LISTE

155
-0.159998 -0.0799961 -1.57089 
-0.149998 -0.0799971 -1.57089 
-0.139998 -0.0799981 -1.57089 
-0.129998 -0.079999 -1.57089 
-0.119998 -0.08 -1.57089 
-0.0799981 -0.0799961 -1.57089 
-0.0699981 -0.0799971 -1.57089 
-0.0599981 -0.0799981 -1.57089 
-0.0499981 -0.079999 -1.57089 
-0.0399981 -0.08 -1.57089 
0.0200019 -0.0799961 -1.57089 
0.0300019 -0.0799971 -1.57089 
0.0400019 -0.0799981 -1.57089 
0.0500019 -0.079999 -1.57089 
0.0600019 -0.08 -1.57089 
0.110002 -0.0799961 -1.57089 
0.120002 -0.0799971 -1.57089 
0.130002 -0.0799981 -1.57089 
0.140002 -0.079999 -1.57089 
0.150002 -0.08 -1.57089 
-0.159996 -0.0599961 -1.57089 
-0.149996 -0.0599971 -1.57089 
-0.139996 -0.0599981 -1.57089 
-0.129996 -0.059999 -1.57089 
-0.119996 -0.06 -1.57089 
-0.0799961 -0.0599961 -1.57089 
-0.0699961 -0.0599971 -1.57089 
-0.0599961 -0.0599981 -1.57089 
-0.0499961 -0.059999 -1.57089 
-0.0399961 -0.06 -1.57089 
0.0200039 -0.0599961 -1.57089 
0.0300039 -0.0599971 -1.57089 
0.0400039 -0.0599981 -1.57089 
0.0500039 -0.059999 -1.57089 
0.0600039 -0.06 -1.57089 
0.110004 -0.0599961 -1.57089 
0.120004 -0.0599971 -1.57089 
0.130004 -0.0599981 -1.57089 
0.140004 -0.059999 -1.57089 
0.150004 -0.06 -1.57089 
-0.159994 -0.0399961 -1.57089 
-0.149994 -0.0399971 -1.57089 
-0.139994 -0.0399981 -1.57089 
-0.129994 -0.039999 -1.57089 
-0.119994 -0.04 -1.57089 
-0.0799942 -0.0399961 -1.57089 
-0.0699942 -0.0399971 -1.57089 
-0.0599942 -0.0399981 -1.57089 
-0.0499942 -0.039999 -1.57089 
-0.0399942 -0.04 -1.57089 
0.0200058 -0.0399961 -1.57089 
0.0300058 -0.0399971 -1.57089 
0.0400058 -0.0399981 -1.57089 
0.0500058 -0.039999 -1.57089 
0.0600058 -0.04 -1.57089 
0.110006 -0.0399961 -1.57089 
0.120006 -0.0399971 -1.57089 
0.130006 -0.0399981 -1.57089 
0.140006 -0.039999 -1.57089 
0.150006 -0.04 -1.57089 
-0.159992 -0.0199961 -1.57089 
-0.149992 -0.0199971 -1.57089 
-0.139992 -0.0199981 -1.57089 
-0.129992 -0.019999 -1.57089 
-0.119992 -0.02 -1.57089 
-0.0799923 -0.0199961 -1.57089 
-0.0699923 -0.0199971 -1.57089 
-0.0599923 -0.0199981 -1.57089 
-0.0499923 -0.019999 -1.57089 
-0.0399923 -0.02 -1.57089 
0.0200077 -0.0199961 -1.57089 
0.0300077 -0.0199971 -1.57089 
0.0400077 -0.0199981 -1.57089 
0.0500077 -0.019999 -1.57089 
0.0600077 -0.02 -1.57089 
0.110008 -0.0199961 -1.57089 
0.120008 -0.0199971 -1.57089 
0.130008 -0.0199981 -1.57089 
0.140008 -0.019999 -1.57089 
0.150008 -0.02 -1.57089 
-0.15999 3.85261e-06 -1.57089 
-0.14999 2.88934e-06 -1.57089 
-0.13999 1.92607e-06 -1.57089 
-0.12999 9.62804e-07 -1.57089 
-0.11999 -4.63943e-10 -1.57089 
-0.0799904 3.85261e-06 -1.57089 
-0.0699904 2.88934e-06 -1.57089 
-0.0599904 1.92607e-06 -1.57089 
-0.0499904 9.62804e-07 -1.57089 
-0.0399904 -4.63943e-10 -1.57089 
0.0200096 3.85261e-06 -1.57089 
0.0300096 2.88934e-06 -1.57089 
0.0400096 1.92607e-06 -1.57089 
0.0500096 9.62804e-07 -1.57089 
0.0600096 -4.63943e-10 -1.57089 
0.11001 3.85261e-06 -1.57089 
0.12001 2.88934e-06 -1.57089 
0.13001 1.92607e-06 -1.57089 
0.14001 9.62804e-07 -1.57089 
0.15001 -4.63943e-10 -1.57089 
-0.159988 0.0200039 -1.57089 
-0.149988 0.0200029 -1.57089 
-0.139988 0.0200019 -1.57089 
-0.129988 0.020001 -1.57089 
-0.119988 0.02 -1.57089 
-0.0799884 0.0200039 -1.57089 
-0.0699884 0.0200029 -1.57089 
-0.0599884 0.0200019 -1.57089 
-0.0499884 0.020001 -1.57089 
-0.0399884 0.02 -1.57089 
0.0200116 0.0200039 -1.57089 
0.0300116 0.0200029 -1.57089 
0.0400116 0.0200019 -1.57089 
0.0500116 0.020001 -1.57089 
0.0600116 0.02 -1.57089 
0.110012 0.0200039 -1.57089 
0.120012 0.0200029 -1.57089 
0.130012 0.0200019 -1.57089 
0.140012 0.020001 -1.57089 
0.150012 0.02 -1.57089 
-0.16 -0.02 -0.400003 
-0.16 -0.00999996 0.500003 
-0.16 2.47994e-08 -0.300003 
-0.16 0.01 0.400003 
-0.16 0.02 -0.500003 
-0.15 -0.02 0.600003 
-0.15 2.24685e-08 -0.700003 
-0.15 0.0200003 0.800003 
-0.14 -0.02 0.900003 
-0.14 0.02 -0.400003 
-0.08 -0.02 0.500003 
-0.08 -0.00999997 -2.3 
-0.08 1.83339e-08 2.4 
-0.08 0.00999996 -0.500003 
-0.08 0.02 2.6 
-0.07 1.43719e-08 2.7 
-0.07 0.02 -0.800003 
-0.06 1.83339e-08 2.4 
-0.06 0.00999996 -0.500003 
-0.06 0.0200004 2.3 
0.02 -0.02 0.400003 
0.02 -0.01 -0.500003 
0.02 3.1926e-09 0.600003 
0.02 0.01 -0.700003 
0.02 0.0200003 0.800003 
0.03 -2.91553e-08 0.900003 
0.03 0.02 -0.400003 
0.04 0.02 0.500003 
0.11 -0.0200004 -2.3 
0.11 -0.00999998 2.4 
0.11 -4.27075e-08 -2.5 
0.11 0.01 2.6 
0.11 0.02 -2.7 
0.12 -0.02 2.8 
0.13 -0.02 2.9 
FIN_LISTE
