#Fiat Lux Alix Nepveux & Sven Borden
#
#fichier:	save.txt
#
#projecteur
19
0.385000 0.254375 3.230910
0.387500 0.183125 3.255380
0.390000 0.111875 3.141590
0.387500 0.043125 3.186340
0.390000 -0.026875 3.229600
0.397500 -0.095625 3.114930
0.401250 -0.159375 3.182110
0.418750 -0.236875 3.209060
-0.367500 0.211875 -0.027390
-0.370000 0.143125 0.028564
-0.371250 0.064375 0.108660
-0.368750 -0.010625 0.015623
-0.365000 -0.085625 0.019997
-0.363750 -0.163125 0.045423
-0.361250 -0.245625 0.000000
-0.120000 -0.100000 1.570700
-0.040000 -0.100000 1.570700
0.060000 -0.100000 1.570700
0.150000 -0.100000 1.570700
FIN_LISTE

#reflecteur
29
-0.110000 -0.100000 -0.110000 0.100000
0.000000 -0.100000 0.000000 0.100000
0.080000 -0.100000 0.080000 0.100000
-0.450000 -0.500000 0.450000 -0.500000
0.350000 -0.430000 0.350000 0.430000
-0.450000 0.500000 0.450000 0.500000
-0.350000 -0.430000 -0.350000 0.430000
-0.100000 0.000000 -0.100000 0.300000
0.100000 -0.200000 0.100000 0.100000
0.038750 -0.160625 0.111250 -0.156875
-0.076250 -0.175625 0.025000 -0.179375
-0.131250 -0.160625 -0.086250 -0.159375
-0.037500 0.181875 0.043750 0.181875
-0.092500 0.154375 -0.018750 0.160625
0.023750 0.170625 0.092500 0.168125
0.085000 0.141875 0.126250 0.143125
-0.007500 0.146875 0.032500 0.148125
-0.142500 0.145625 -0.075000 0.140625
-0.176250 -0.138125 -0.122500 -0.138125
-0.082500 -0.131875 -0.037500 -0.135625
0.017500 -0.135625 0.062500 -0.133125
0.098750 -0.138125 0.160000 -0.134375
0.100000 0.109375 0.162500 0.111875
0.025000 0.113125 0.067500 0.114375
-0.076250 0.113125 -0.013750 0.118125
-0.183750 0.119375 -0.127500 0.121875
0.080000 -0.100000 0.080000 0.100000
0.000000 -0.100000 0.000000 0.100000
-0.110000 -0.100000 -0.110000 0.100000
FIN_LISTE

#absorbeur
6
6 0.010000 -0.2000000.200000 -0.2000000.200000 0.200000-0.200000 0.200000-0.200000 -0.200000-0.011000 -0.200000
5 -0.500000 -0.5300000.500000 -0.5300000.500000 0.520000-0.500000 0.520000-0.500000 -0.450000
6 0.006250 -0.2643750.283750 -0.2493750.276250 0.244375-0.252500 0.263125-0.262500 -0.266875-0.020000 -0.268125
6 0.010000 -0.2256250.242500 -0.2218750.241250 0.218125-0.225000 0.229375-0.231250 -0.231875-0.020000 -0.233125
6 0.010000 -0.2000000.200000 -0.2000000.200000 0.200000-0.200000 0.200000-0.200000 -0.200000-0.011000 -0.200000
6 0.010000 -0.3156250.362500 -0.3031250.351250 0.299375-0.306250 0.313125-0.320000 -0.310625-0.027500 -0.319375
FIN_LISTE

#photon
574
-0.170527 -0.066730 0.400000
-0.165310 0.047531 -0.500000
-0.174640 -0.035462 0.300000
-0.170527 0.056730 -0.400000
-0.165310 -0.037531 0.500000
-0.169040 0.047757 -0.600000
-0.161781 -0.077306 0.700000
-0.153605 0.106083 -0.800000
-0.154593 0.073999 -0.900000
-0.190527 -0.026730 0.400000
-0.025310 0.037531 -0.500000
-0.060047 -0.099485 2.300000
-0.051513 0.081056 -2.400000
-0.025310 -0.047531 0.500000
-0.037173 0.081860 -2.600000
-0.041511 0.051286 -2.700000
-0.013605 -0.066083 0.800000
-0.071513 0.081056 -2.400000
-0.045310 -0.047531 0.500000
-0.080047 0.109485 -2.300000
0.029473 0.026730 -0.400000
0.034690 -0.067531 0.500000
0.040960 0.067757 -0.600000
0.048219 -0.067306 0.700000
0.056395 0.106083 -0.800000
0.055407 0.093999 -0.900000
0.019473 -0.026730 0.400000
0.014690 0.077531 -0.500000
0.129953 -0.109485 2.300000
0.138487 0.071056 -2.400000
0.146137 -0.071817 2.500000
0.152827 0.071860 -2.600000
0.158489 -0.031286 2.700000
0.153067 0.020199 -2.800000
0.146515 0.008710 -2.900000
0.278401 0.498053 3.041590
0.283621 0.466426 2.941590
0.255708 0.465434 2.841590
0.274740 0.435386 2.741590
0.270826 0.406584 2.641590
0.214107 0.389314 2.541590
0.204749 0.363850 2.441590
0.192946 0.340446 2.341590
0.178915 0.319335 2.241590
0.162897 0.300729 2.141590
0.095151 0.294814 2.041590
0.075954 0.281747 1.941590
0.055600 0.271661 1.841590
0.034390 0.264656 1.741590
0.012636 0.260802 1.641590
-0.059344 0.270136 1.541590
-0.081230 0.272667 1.441590
-0.082705 0.278369 1.341590
-0.143453 0.297184 1.241590
-0.143167 0.309025 1.141590
-0.201551 0.333773 1.041590
-0.218320 0.351281 0.941593
-0.233208 0.371374 0.841593
-0.245966 0.393852 0.741593
-0.296366 0.428489 0.641593
-0.304204 0.455040 0.541593
-0.309303 0.483238 0.441593
-0.311511 0.487196 -0.341593
-0.350707 0.446560 -0.241593
-0.343202 0.405158 -3.000000
-0.340277 0.363306 -3.100000
-0.340546 0.321319 3.083180
-0.325993 0.289520 0.158413
-0.350625 0.248225 2.883180
0.139666 0.207748 2.783180
0.126962 0.168392 2.683180
0.111391 0.130451 2.583180
0.093109 0.094204 2.483180
0.042297 0.069914 2.383180
0.049165 0.037822 2.283180
-0.006058 0.018150 2.183180
-0.003118 -0.008905 2.083180
-0.041746 -0.023174 1.983180
-0.081655 -0.034513 1.883180
-0.077453 -0.042810 1.358410
-0.075887 -0.057981 1.458410
-0.023963 -0.059976 1.558410
0.018001 -0.058772 1.658410
0.019686 -0.064384 1.758410
0.060774 -0.056855 1.858410
0.099046 -0.046260 1.183180
0.060073 -0.032705 1.083180
0.062599 -0.026325 0.983180
0.026897 -0.007284 0.883180
0.206776 0.014228 2.358410
0.238182 0.037996 2.458410
0.227109 0.053782 2.558410
0.253367 0.081329 2.658410
0.276794 0.110361 2.758410
0.277255 0.130589 2.858410
0.304646 0.141710 2.958410
0.278894 0.163413 3.058410
0.289955 0.195382 -3.124770
0.317819 0.227297 -3.024770
0.272508 0.248840 -2.924770
0.274074 0.279695 -2.824770
0.282602 0.299554 -2.724770
0.248206 0.318118 -2.624770
0.211031 0.335102 -2.524770
0.201248 0.360237 -2.424770
0.189054 0.383271 -2.324770
0.174671 0.403975 -2.224770
0.158343 0.422141 -2.124770
0.140334 0.437587 -2.024770
0.060922 0.440161 -1.924770
0.040401 0.449735 -1.824770
0.039078 0.456214 -1.724770
0.017264 0.459534 -1.624770
-0.044722 0.439661 -1.524770
-0.046562 0.416594 -1.424770
-0.107936 0.400364 -1.324770
-0.061469 0.361033 -1.916820
-0.071958 0.348694 -2.016820
-0.003826 0.323471 -2.116820
0.012645 0.305515 -2.216820
0.057192 0.275006 -2.316820
0.069568 0.252149 -2.416820
0.079551 0.227172 -2.516820
0.086940 0.200325 -2.616820
0.121562 0.161876 -2.716820
0.123271 0.132110 -2.816820
0.078050 0.101323 -0.224773
0.092488 0.069824 -0.124773
0.050098 0.027926 -0.024773
0.060905 -0.004052 0.075233
0.074900 -0.035788 0.175233
-0.347956 -0.076967 0.275233
-0.327735 -0.107276 0.375233
-0.304540 -0.136415 0.475233
-0.278501 -0.164090 0.575233
-0.279780 -0.200025 0.675233
-0.248563 -0.223962 0.775233
-0.215062 -0.245662 0.875233
-0.209512 -0.274906 0.975233
-0.172169 -0.291504 1.075230
-0.133305 -0.305289 1.175230
-0.123209 -0.326124 1.275230
-0.082182 -0.333900 1.375230
-0.060534 -0.348540 1.475230
-0.068580 -0.359997 1.575230
-0.006641 -0.358256 1.675230
0.034965 -0.353336 1.775230
0.075922 -0.345285 1.875230
0.115920 -0.334184 1.975230
0.025340 -0.320143 1.066360
0.111855 -0.313303 2.175230
0.167233 -0.293833 2.275230
-0.000541 -0.271926 0.766360
-0.031545 -0.247801 0.666360
-0.060035 -0.221700 0.566360
-0.085828 -0.193884 0.466360
-0.068764 -0.174630 0.366360
-0.088715 -0.144231 0.266360
-0.105582 -0.112990 0.166360
-0.079296 -0.091220 0.066360
-0.099819 -0.059237 -0.033640
-0.107147 -0.027362 -0.133640
-0.071306 -0.005914 -0.233640
-0.092354 0.024795 -0.333640
-0.090382 0.054456 -0.433640
-0.055508 0.072775 -0.533640
-0.047881 0.099466 -0.633640
-0.007677 0.114265 -0.733640
0.004901 0.136923 -0.833640
0.019628 0.157213 -0.933640
0.006258 0.174934 -1.033640
0.045477 0.179907 -2.007950
0.025858 0.191984 -1.907950
0.005181 0.201043 -1.807950
-0.016248 0.206995 -1.707950
-0.038113 0.209779 -1.607950
-0.060097 0.209368 -1.507950
-0.081880 0.205766 -1.407950
-0.096855 0.199010 -1.833640
-0.076421 0.189165 -1.933640
-0.057122 0.176332 -2.033640
-0.059250 0.160637 -2.133640
-0.043084 0.142239 -2.233640
-0.311114 0.111320 -0.807953
-0.323102 0.088090 -0.707953
-0.332662 0.062780 -0.607953
-0.339597 0.035645 -0.507953
-0.313739 0.006954 -0.407953
-0.264946 -0.023005 -0.307953
-0.263106 -0.053934 -0.207953
-0.301863 -0.095522 -3.033640
-0.300010 -0.137455 -3.133640
-0.308645 -0.169415 0.092053
-0.294117 -0.201080 0.192053
-0.276450 -0.232134 0.292053
-0.255721 -0.262268 0.392053
-0.337963 -0.301180 2.649540
-0.315535 -0.328581 0.592053
-0.266380 -0.354198 0.692053
-0.234763 -0.377775 0.792053
-0.200901 -0.399076 0.892053
-0.165031 -0.417888 0.992053
-0.127413 -0.434024 1.092050
-0.088321 -0.447322 1.192050
-0.048047 -0.457649 1.292050
-0.136894 -0.474902 1.392050
-0.095172 -0.479008 1.492050
-0.053199 -0.479928 1.592050
-0.011293 -0.477650 1.692050
0.030226 -0.472199 1.792050
0.071043 -0.463629 1.892050
0.110850 -0.452024 1.992050
0.149350 -0.437502 2.092050
0.186258 -0.420207 2.192050
0.221305 -0.400313 2.292050
0.254241 -0.378017 2.392050
0.284836 -0.353542 2.492050
-0.112885 -0.327134 0.549540
0.218207 -0.309056 2.692050
0.240650 -0.279589 2.792050
0.230088 -0.259027 2.892050
-0.146429 -0.227675 0.149540
-0.029607 -0.205846 0.049540
-0.139593 -0.173860 -0.050460
-0.146385 -0.142034 -0.150460
-0.160016 -0.110688 -0.250460
-0.150549 -0.090134 -0.350460
0.348079 -0.090678 -2.691130
0.027269 -0.072615 -0.550460
0.025342 -0.046223 -0.650460
0.035960 -0.021768 -0.750460
-0.071084 0.000507 -0.850460
0.096019 0.010379 -2.191130
-0.009095 0.027649 -1.050460
0.040582 0.032145 -1.991130
0.049237 0.043722 -1.250460
-0.050062 0.042264 -1.791130
0.078415 0.047686 -1.691130
0.076507 0.049934 -1.591130
0.054535 0.048985 -1.491130
-0.177184 0.034849 -1.391130
-0.168330 0.027568 -1.291130
-0.078595 0.017213 -1.191130
-0.077674 0.003888 -1.091130
-0.095278 -0.012273 -0.991133
-0.311130 -0.041109 -0.891133
-0.164973 -0.062432 -0.791133
-0.176568 -0.086029 -0.691133
-0.185699 -0.111663 -0.591133
-0.277824 -0.149080 -2.650460
-0.274167 -0.178005 -2.750460
-0.273466 -0.208148 -2.850460
-0.275827 -0.239209 -2.950460
-0.281328 -0.270878 -3.050460
-0.290013 -0.302839 3.132720
-0.301895 -0.334770 3.032720
-0.316955 -0.366354 2.932720
-0.304857 -0.397275 0.308873
-0.283622 -0.427224 0.408873
-0.259454 -0.455902 0.508873
-0.232494 -0.483022 0.608873
-0.202911 -0.491687 -0.708873
-0.170901 -0.468477 -0.808873
-0.136683 -0.447580 -0.908873
-0.100501 -0.429206 -1.008870
-0.062615 -0.413537 -1.108870
-0.023304 -0.400730 -1.208870
0.017139 -0.390914 -1.308870
-0.191589 -0.374186 -1.408870
-0.149803 -0.370613 -1.508870
-0.097819 -0.370232 -1.608870
-0.055956 -0.373046 -1.708870
0.025467 -0.379026 -1.808870
0.096135 -0.388114 -1.908870
0.145743 -0.400218 -2.008870
0.183995 -0.415217 -2.108870
0.220608 -0.432962 -2.208870
0.255317 -0.453275 -2.308870
0.337874 -0.475954 -2.408870
0.118055 -0.490771 -2.508870
0.145657 -0.482521 2.608870
0.390505 -0.454189 2.708870
0.162450 -0.434517 2.808870
0.181374 -0.403800 2.908870
0.197186 -0.372346 3.008870
0.290171 -0.340469 0.032720
0.280724 -0.308487 -0.067280
0.165533 -0.286720 -2.974310
0.168638 -0.255485 -2.874310
0.198658 -0.225095 -2.774310
0.195695 -0.195853 -2.674310
0.209877 -0.168051 -2.574310
0.211363 -0.141967 -2.474310
0.200336 -0.117862 -2.374310
0.217009 -0.095977 -2.274310
0.201613 -0.076530 -2.174310
0.204403 -0.059715 -2.074310
0.185649 -0.045700 -1.974310
0.165641 -0.034627 -1.874310
-0.095323 -0.036604 -1.774310
-0.116934 -0.031713 -1.674310
-0.138875 -0.030002 -1.574310
-0.140827 -0.031488 -1.474310
-0.162471 -0.036157 -1.374310
-0.183491 -0.043962 -1.274310
-0.073577 -0.054824 -1.174310
-0.092428 -0.068636 -1.074310
-0.069756 -0.085259 -0.974313
-0.085288 -0.104527 -0.874313
-0.311231 -0.136248 -2.367280
-0.300036 -0.160205 -2.467280
-0.291339 -0.186157 -2.567280
-0.285326 -0.213847 -2.667280
-0.282157 -0.242997 -2.767280
-0.281964 -0.273317 -2.867280
-0.314849 -0.304502 -2.967280
-0.320883 -0.336242 -3.067280
-0.330106 -0.368221 3.115900
-0.342524 -0.400116 3.015900
-0.341885 -0.431610 0.225693
-0.323177 -0.462389 0.325693
-0.301441 -0.492145 0.425693
-0.276793 -0.479420 -0.525693
-0.249378 -0.452589 -0.625693
-0.219373 -0.427631 -0.725693
-0.186975 -0.404794 -0.825693
-0.152410 -0.384308 -0.925693
-0.085922 -0.366376 -1.025690
-0.047776 -0.351179 -1.125690
-0.008254 -0.338867 -1.225690
0.032350 -0.329564 -1.325690
0.073730 -0.323363 -1.425690
0.115572 -0.320325 -1.525690
-0.152442 -0.310482 -1.625690
-0.110631 -0.313831 -1.725690
-0.039314 -0.320339 -1.825690
0.031198 -0.329942 -1.925690
0.070598 -0.342542 -2.025690
0.108594 -0.358014 -2.125690
0.144905 -0.376204 -2.225690
0.229268 -0.396930 -2.325690
0.261441 -0.419985 -2.425690
0.291201 -0.445138 -2.525690
0.318352 -0.472138 -2.625690
0.342721 -0.500716 -2.725690
0.374165 -0.469415 2.825690
0.307429 -0.438553 0.215900
0.292147 -0.407005 0.115900
0.280040 -0.375088 0.015900
0.251131 -0.343120 -0.084100
0.144592 -0.321420 -2.957490
0.207173 -0.290306 -2.857490
0.206684 -0.260088 -2.757490
0.203230 -0.231068 -2.657490
0.316947 -0.203536 -2.557490
0.307996 -0.177768 -2.457490
0.296568 -0.154020 -2.357490
0.282875 -0.132530 -2.257490
0.287156 -0.113512 -2.157490
0.269667 -0.097157 -2.057490
-0.039318 -0.093629 -1.957490
-0.029509 -0.083061 -1.857490
-0.050604 -0.075561 -1.757490
-0.072292 -0.071202 -1.657490
0.065743 -0.070028 -1.557490
0.043820 -0.072052 -1.457490
0.022259 -0.077252 -1.357490
0.011375 -0.085577 -1.257490
-0.008524 -0.096944 -1.157490
-0.027138 -0.111239 -1.057490
-0.044183 -0.128320 -0.957493
-0.310613 -0.158015 -2.284100
-0.337500 -0.180127 -2.384100
-0.326711 -0.204437 -2.484100
-0.181547 -0.230701 -0.557493
-0.187092 -0.258656 -0.457493
-0.149769 -0.288024 -0.357493
-0.250550 -0.328510 -2.884100
-0.253960 -0.359810 -2.984100
-0.219471 -0.391612 -0.057493
-0.210289 -0.433600 3.099080
-0.456756 -0.465450 0.142513
-0.200636 -0.496846 0.242513
-0.461412 -0.462526 -0.342513
-0.179177 -0.432972 -0.442513
-0.154053 -0.404787 -0.542513
-0.086190 -0.378253 -0.642513
-0.445767 -0.343635 -0.742513
-0.327011 -0.321178 -2.299080
-0.338082 -0.301108 -0.942513
-0.041297 -0.283624 -1.042510
-0.002899 -0.268902 -1.142510
0.066826 -0.257089 -1.242510
0.107582 -0.248302 -1.342510
-0.240938 -0.232629 -1.442510
-0.169050 -0.230128 -1.542510
-0.127070 -0.230823 -1.642510
0.184680 -0.234706 -1.742510
0.235883 -0.241740 -1.842510
0.276229 -0.251854 -1.942510
-0.014587 -0.254947 -2.042510
0.303144 -0.270888 -2.142510
0.339146 -0.289518 -2.242510
0.326843 -0.310651 -0.799080
0.295061 -0.334076 -0.699080
0.245726 -0.359557 -0.599080
0.060967 -0.376842 -2.642510
0.124854 -0.405657 -2.742510
0.145795 -0.435715 -2.842510
0.453680 -0.466714 -2.942510
0.088431 -0.478346 -3.042510
0.100000 -0.489706 -3.140670
0.108372 -0.457760 -3.040670
0.113563 -0.426137 -2.940670
0.115621 -0.395152 -2.840670
0.235375 -0.365115 -0.400920
0.239315 -0.336326 -0.500920
0.246059 -0.309072 -0.600920
0.255440 -0.283625 -0.700920
0.130000 -0.020000 2.900000
0.120000 -0.020000 2.800000
0.110000 0.020000 -2.700000
0.110000 0.010000 2.600000
0.110000 -0.000000 -2.500000
0.110000 -0.010000 2.400000
0.110000 -0.020000 -2.300000
0.040000 0.020000 0.500003
0.030000 0.020000 -0.400003
0.030000 -0.000000 0.900003
0.020000 0.020000 0.800003
0.020000 0.010000 -0.700003
0.020000 0.000000 0.600003
0.020000 -0.010000 -0.500003
0.020000 -0.020000 0.400003
-0.060000 0.020000 2.300000
-0.060000 0.010000 -0.500003
-0.060000 0.000000 2.400000
-0.070000 0.020000 -0.800003
-0.070000 0.000000 2.700000
-0.080000 0.020000 2.600000
-0.080000 0.010000 -0.500003
-0.080000 0.000000 2.400000
-0.080000 -0.010000 -2.300000
-0.080000 -0.020000 0.500003
-0.140000 0.020000 -0.400003
-0.140000 -0.020000 0.900003
-0.150000 0.020000 0.800003
-0.150000 0.000000 -0.700003
-0.150000 -0.020000 0.600003
-0.160000 0.020000 -0.500003
-0.160000 0.010000 0.400003
-0.160000 0.000000 -0.300003
-0.160000 -0.010000 0.500003
-0.160000 -0.020000 -0.400003
0.150012 0.020000 -1.570890
0.140012 0.020001 -1.570890
0.130012 0.020002 -1.570890
0.120012 0.020003 -1.570890
0.110012 0.020004 -1.570890
0.060012 0.020000 -1.570890
0.050012 0.020001 -1.570890
0.040012 0.020002 -1.570890
0.030012 0.020003 -1.570890
0.020012 0.020004 -1.570890
-0.039988 0.020000 -1.570890
-0.049988 0.020001 -1.570890
-0.059988 0.020002 -1.570890
-0.069988 0.020003 -1.570890
-0.079988 0.020004 -1.570890
-0.119988 0.020000 -1.570890
-0.129988 0.020001 -1.570890
-0.139988 0.020002 -1.570890
-0.149988 0.020003 -1.570890
-0.159988 0.020004 -1.570890
0.150010 -0.000000 -1.570890
0.140010 0.000001 -1.570890
0.130010 0.000002 -1.570890
0.120010 0.000003 -1.570890
0.110010 0.000004 -1.570890
0.060010 -0.000000 -1.570890
0.050010 0.000001 -1.570890
0.040010 0.000002 -1.570890
0.030010 0.000003 -1.570890
0.020010 0.000004 -1.570890
-0.039990 -0.000000 -1.570890
-0.049990 0.000001 -1.570890
-0.059990 0.000002 -1.570890
-0.069990 0.000003 -1.570890
-0.079990 0.000004 -1.570890
-0.119990 -0.000000 -1.570890
-0.129990 0.000001 -1.570890
-0.139990 0.000002 -1.570890
-0.149990 0.000003 -1.570890
-0.159990 0.000004 -1.570890
0.150008 -0.020000 -1.570890
0.140008 -0.019999 -1.570890
0.130008 -0.019998 -1.570890
0.120008 -0.019997 -1.570890
0.110008 -0.019996 -1.570890
0.060008 -0.020000 -1.570890
0.050008 -0.019999 -1.570890
0.040008 -0.019998 -1.570890
0.030008 -0.019997 -1.570890
0.020008 -0.019996 -1.570890
-0.039992 -0.020000 -1.570890
-0.049992 -0.019999 -1.570890
-0.059992 -0.019998 -1.570890
-0.069992 -0.019997 -1.570890
-0.079992 -0.019996 -1.570890
-0.119992 -0.020000 -1.570890
-0.129992 -0.019999 -1.570890
-0.139992 -0.019998 -1.570890
-0.149992 -0.019997 -1.570890
-0.159992 -0.019996 -1.570890
0.150006 -0.040000 -1.570890
0.140006 -0.039999 -1.570890
0.130006 -0.039998 -1.570890
0.120006 -0.039997 -1.570890
0.110006 -0.039996 -1.570890
0.060006 -0.040000 -1.570890
0.050006 -0.039999 -1.570890
0.040006 -0.039998 -1.570890
0.030006 -0.039997 -1.570890
0.020006 -0.039996 -1.570890
-0.039994 -0.040000 -1.570890
-0.049994 -0.039999 -1.570890
-0.059994 -0.039998 -1.570890
-0.069994 -0.039997 -1.570890
-0.079994 -0.039996 -1.570890
-0.119994 -0.040000 -1.570890
-0.129994 -0.039999 -1.570890
-0.139994 -0.039998 -1.570890
-0.149994 -0.039997 -1.570890
-0.159994 -0.039996 -1.570890
0.150004 -0.060000 -1.570890
0.140004 -0.059999 -1.570890
0.130004 -0.059998 -1.570890
0.120004 -0.059997 -1.570890
0.110004 -0.059996 -1.570890
0.060004 -0.060000 -1.570890
0.050004 -0.059999 -1.570890
0.040004 -0.059998 -1.570890
0.030004 -0.059997 -1.570890
0.020004 -0.059996 -1.570890
-0.039996 -0.060000 -1.570890
-0.049996 -0.059999 -1.570890
-0.059996 -0.059998 -1.570890
-0.069996 -0.059997 -1.570890
-0.079996 -0.059996 -1.570890
-0.119996 -0.060000 -1.570890
-0.129996 -0.059999 -1.570890
-0.139996 -0.059998 -1.570890
-0.149996 -0.059997 -1.570890
-0.159996 -0.059996 -1.570890
0.150002 -0.080000 -1.570890
0.140002 -0.079999 -1.570890
0.130002 -0.079998 -1.570890
0.120002 -0.079997 -1.570890
0.110002 -0.079996 -1.570890
0.060002 -0.080000 -1.570890
0.050002 -0.079999 -1.570890
0.040002 -0.079998 -1.570890
0.030002 -0.079997 -1.570890
0.020002 -0.079996 -1.570890
-0.039998 -0.080000 -1.570890
-0.049998 -0.079999 -1.570890
-0.059998 -0.079998 -1.570890
-0.069998 -0.079997 -1.570890
-0.079998 -0.079996 -1.570890
-0.119998 -0.080000 -1.570890
-0.129998 -0.079999 -1.570890
-0.139998 -0.079998 -1.570890
-0.149998 -0.079997 -1.570890
-0.159998 -0.079996 -1.570890
FIN_LISTE

